Block	Density	Rep	Life	Sex	Length	
1	50	1	5	M	2.93	
1	50	1	NA	NA	NA	
1	50	1	NA	NA	NA	
1	50	1	NA	NA	NA	
1	50	1	51	M	3.58	
1	50	1	65	M	4.14	
1	50	1	NA	NA	NA	
1	50	1	61	M	3.86	
1	50	1	NA	NA	NA	
1	50	1	49	M	3.41	
1	50	1	NA	NA	NA	
1	50	1	47	M	3.66	
1	50	1	44	M	4.2	
1	50	1	54	M	3.96	
1	50	1	61	M	3.14	
1	50	1	40	M	3.96	
1	50	1	65	M	3.53	
1	50	1	58	F	3.24	
1	50	1	63	F	3.96	
1	50	1	68	F	3.77	
1	50	1	68	F	3.69	
1	50	1	58	F	3.72	
1	50	1	72	F	2.9	
1	50	1	58	F	3.32	
1	50	1	NA	NA	NA	
1	50	1	5	F	2.41	
1	50	1	40	F	2.94	
1	50	1	65	F	3.37	
1	50	1	65	F	2.95	
1	50	1	51	F	4	
1	50	1	58	F	3.49	
1	50	1	61	F	3.43	
1	50	1	61	F	3.54	
1	50	1	65	F	3.88	
1	50	1	68	F	3.74	
1	50	1	44	F	3.9	
1	50	2	58	M	3.84	
1	50	2	NA	NA	NA	
1	50	2	54	M	3.52	
1	50	2	NA	NA	NA	
1	50	2	44	M	3.45	
1	50	2	44	M	3.79	
1	50	2	44	M	3.49	
1	50	2	51	M	3.48	
1	50	2	61	M	3.88	
1	50	2	54	M	4.07	
1	50	2	NA	NA	NA	
1	50	2	56	F	3.43	
1	50	2	61	F	3.68	
1	50	2	51	F	3.06	
1	50	2	44	F	3.29	
1	50	2	12	F	3.57	
1	50	2	58	F	3.37	
1	50	2	72	F	3.52	
1	50	2	56	F	3.77	
1	50	2	47	F	3.98	
1	50	2	58	M	3.9	
1	50	2	44	M	4.04	
1	50	2	61	M	3.65	
1	50	2	54	M	3.93	
1	50	2	NA	NA	NA	
1	50	2	54	M	3.87	
1	50	2	58	M	4.39	
1	50	2	58	F	3.95	
1	50	2	NA	NA	NA	
1	50	2	51	F	3.91	
1	50	2	54	F	2.84	
1	50	2	44	F	4.09	
1	50	2	54	F	3.84	
1	50	2	44	F	3.63	
1	50	2	44	F	4.02	
1	50	2	61	F	3.65	
1	50	2	58	F	4.04	
1	20	1	47	M	4.4	
1	20	1	61	M	3.94	
1	20	1	70	M	4.07	
1	20	1	51	M	4.06	
1	20	1	68	M	4.23	
1	20	1	54	M	4.29	
1	20	1	65	F	3.85	
1	20	1	58	F	3.92	
1	20	1	54	F	3.74	
1	20	1	51	F	3.71	
1	20	1	65	F	4.24	
1	20	1	65	F	4.02	
1	20	1	63	F	4.05	
1	20	1	33	F	4.23	
1	20	1	61	F	3.93	
1	20	2	47	M	3.99	
1	20	2	58	M	4.02	
1	20	2	63	M	4	
1	20	2	51	M	3.13	
1	20	2	44	M	4.13	
1	20	2	68	M	3.66	
1	20	2	NA	NA	NA	
1	20	2	54	M	4.02	
1	20	2	47	F	4.25	
1	20	2	47	F	4.24	
1	20	2	NA	NA	NA	
1	20	2	61	F	4.16	
1	20	2	30	F	3.49	
1	20	2	NA	NA	NA	
1	20	2	65	F	3.94	
1	20	2	47	F	4.13	
1	20	2	68	F	3.84	
1	20	2	63	F	4.14	
1	20	2	56	F	4.38	
1	20	2	54	F	4.22	
1	20	2	75	F	4.16	
1	20	3	47	M	3.96	
1	20	3	61	M	3.83	
1	20	3	NA	NA	NA	
1	20	3	72	M	3.96	
1	20	3	49	M	4.12	
1	20	3	NA	NA	NA	
1	20	3	65	M	3.56	
1	20	3	NA	NA	NA	
1	20	3	72	M	3.9	
1	20	3	51	F	3.73	
1	20	3	51	F	3.81	
1	20	3	47	F	3.88	
1	20	3	NA	NA	NA	
1	20	3	47	F	4.1	
1	20	3	65	F	4.03	
1	20	3	72	F	4.07	
1	20	3	NA	NA	NA	
1	20	3	NA	NA	NA	
1	20	3	NA	NA	NA	
1	20	4	49	M	4.36	
1	20	4	65	M	3.66	
1	20	4	68	M	3.71	
1	20	4	51	M	4.02	
1	20	4	58	M	3.76	
1	20	4	68	M	4.14	
1	20	4	NA	NA	NA	
1	20	4	70	M	4.18	
1	20	4	58	F	3.87	
1	20	4	56	F	3.78	
1	20	4	44	F	3.61	
1	20	4	54	F	4.22	
1	20	4	49	F	3.69	
1	20	4	44	F	4.09	
1	20	4	58	F	4.1	
1	20	4	54	F	3.66	
1	20	4	NA	NA	NA	
1	20	4	58	F	3.91	
1	20	4	58	F	4.01	
1	20	5	56	M	3.91	
1	20	5	44	M	4.14	
1	20	5	44	M	3.49	
1	20	5	63	M	3.03	
1	20	5	NA	NA	NA	
1	20	5	33	M	3.72	
1	20	5	37	M	4.36	
1	20	5	58	F	2.86	
1	20	5	5	F	2.41	
1	20	5	68	F	4.12	
1	20	5	58	F	3.06	
1	20	5	44	F	2.92	
1	20	5	58	F	3.28	
1	20	5	44	F	3.53	
1	20	5	NA	NA	NA	
1	20	5	61	F	4.11	
1	20	5	37	F	3.89	
1	20	5	65	F	3.22	
1	20	6	44	M	4.13	
1	20	6	47	M	3.97	
1	20	6	NA	NA	NA	
1	20	6	65	M	3.89	
1	20	6	54	M	4.03	
1	20	6	51	M	4.33	
1	20	6	58	F	4.19	
1	20	6	58	F	3.04	
1	20	6	68	F	3.33	
1	20	6	54	F	3.93	
1	20	6	44	F	3.87	
1	20	6	68	F	3.74	
1	20	6	70	F	3.93	
1	20	6	47	F	3.74	
1	20	6	68	F	3.62	
1	20	6	44	F	4.1	
1	20	6	58	F	4.15	
1	20	7	63	M	4.05	
1	20	7	44	M	3.86	
1	20	7	47	M	4.09	
1	20	7	40	M	4.04	
1	20	7	51	M	2.88	
1	20	7	40	M	4.01	
1	20	7	37	F	3.97	
1	20	7	58	F	4.02	
1	20	7	68	F	3.95	
1	20	7	51	F	3.97	
1	20	7	65	F	4.08	
1	20	7	49	F	4.18	
1	20	7	54	F	4.04	
1	20	7	61	F	3.87	
1	20	7	37	F	4.17	
1	20	7	26	F	3.5	
1	20	7	40	F	3.65	
1	20	7	2	F	2.68	
1	5	1	47	M	4.11	
1	5	1	65	M	3.94	
1	5	1	51	F	3.36	
1	5	1	40	F	4.23	
1	5	1	NA	NA	NA	
1	5	2	12	F	2.96	
1	5	2	58	F	3.96	
1	5	2	54	F	4.08	
1	5	3	14	M	4.12	
1	5	3	26	F	3.83	
1	5	4	44	M	3.74	
1	5	4	44	M	4.01	
1	5	4	61	M	3.98	
1	5	5	NA	NA	NA	
1	5	5	47	M	4.13	
1	5	5	44	F	3.79	
1	5	5	47	F	3.79	
1	5	5	49	F	3.66	
1	5	5	40	F	4.05	
1	5	6	21	F	4.3	
1	5	6	58	F	3.77	
1	5	6	54	F	3.8	
1	5	6	61	F	3.79	
1	5	7	NA	NA	NA	
1	5	7	30	M	3.89	
1	5	7	49	M	3.84	
1	5	7	NA	NA	NA	
1	5	7	44	M	4.21	
1	5	7	51	F	3.72	
1	5	8	9	M	3.89	
1	5	8	51	M	3.65	
1	5	9	51	M	3.75	
1	5	9	12	M	3.46	
1	5	9	58	F	3.86	
1	5	9	35	F	3.61	
1	5	9	54	F	3.55	
1	5	9	47	F	3.8	
1	5	10	51	F	3.45	
1	5	10	65	F	3.64	
1	5	11	56	F	4.16	
1	5	11	26	M	4.12	
1	5	11	21	M	4.09	
1	5	12	NA	NA	NA	
1	5	12	51	M	3.72	
1	5	12	61	M	4.02	
1	5	12	NA	NA	NA	
1	5	12	47	M	3.69	
2	50	1	59	M	3.31	
2	50	1	NA	NA	NA	
2	50	1	NA	NA	NA	
2	50	1	45	M	3.2	
2	50	1	52	M	3.29	
2	50	1	50	M	3.37	
2	50	1	NA	NA	NA	
2	50	1	48	M	3.95	
2	50	1	41	M	3.11	
2	50	1	55	M	3.55	
2	50	1	59	M	3.29	
2	50	1	NA	NA	NA	
2	50	1	3	M	2.46	
2	50	1	52	M	3.19	
2	50	1	43	M	3.53	
2	50	1	43	M	3.52	
2	50	1	NA	NA	NA	
2	50	1	17	F	3.26	
2	50	1	69	F	3.13	
2	50	1	3	F	2.96	
2	50	1	57	F	3.53	
2	50	1	62	F	3.73	
2	50	1	3	F	2.77	
2	50	1	41	F	3.41	
2	50	1	NA	NA	NA	
2	50	1	66	F	2.96	
2	50	1	3	F	2.81	
2	50	1	66	F	3.3	
2	50	1	62	F	3.47	
2	50	1	62	F	3.51	
2	50	1	48	F	3.68	
2	50	1	66	F	3.46	
2	50	1	55	F	3.74	
2	50	1	NA	NA	NA	
2	50	1	59	F	3.07	
2	50	1	6	F	3.32	
2	50	1	38	F	3.65	
2	50	1	52	F	3.22	
2	50	1	NA	NA	NA	
2	50	1	50	F	3.66	
2	50	1	52	F	3.7	
2	50	1	NA	NA	NA	
2	50	1	62	F	3.04	
2	50	2	57	M	3.76	
2	50	2	45	M	3.76	
2	50	2	55	M	2.64	
2	50	2	59	M	3.08	
2	50	2	NA	NA	NA	
2	50	2	48	M	3.97	
2	50	2	43	M	3.38	
2	50	2	8	M	3.44	
2	50	2	52	M	3.83	
2	50	2	45	M	3.61	
2	50	2	59	M	3.51	
2	50	2	55	M	3.72	
2	50	2	41	M	3.63	
2	50	2	NA	NA	NA	
2	50	2	62	F	3.28	
2	50	2	62	F	3.58	
2	50	2	48	F	3.62	
2	50	2	57	F	3.2	
2	50	2	55	F	3.64	
2	50	2	55	F	3.64	
2	50	2	41	F	3.58	
2	50	2	48	F	3.37	
2	50	2	45	F	3.78	
2	50	2	66	F	3.65	
2	50	2	55	F	3.54	
2	50	2	45	F	3.58	
2	50	2	48	F	3.82	
2	50	2	48	F	3.78	
2	20	1	NA	NA	NA	
2	20	1	48	M	4.12	
2	20	1	45	M	3.78	
2	20	1	69	M	4.04	
2	20	1	NA	NA	NA	
2	20	1	43	M	3.41	
2	20	1	48	M	3.8	
2	20	1	43	M	3.99	
2	20	1	50	M	4.13	
2	20	1	62	F	3.9	
2	20	1	55	F	3.67	
2	20	1	52	F	4.02	
2	20	1	55	F	4.03	
2	20	1	NA	NA	NA	
2	20	1	59	F	3.9	
2	20	1	41	F	4.02	
2	20	1	48	F	4.01	
2	20	1	38	F	3.87	
2	20	1	48	F	4.12	
2	20	1	43	F	3.96	
2	20	1	57	F	4.11	
2	20	1	69	F	3.79	
2	20	1	48	F	3.84	
2	20	2	43	M	3.97	
2	20	2	52	M	4.07	
2	20	2	41	M	4.14	
2	20	2	52	M	2.85	
2	20	2	45	M	4.45	
2	20	2	41	M	3.96	
2	20	2	50	M	4.05	
2	20	2	41	M	4.21	
2	20	2	62	M	4.05	
2	20	2	64	F	3.96	
2	20	2	27	F	4.17	
2	20	2	NA	NA	NA	
2	20	2	52	F	3.97	
2	20	2	NA	NA	NA	
2	20	2	NA	NA	NA	
2	20	2	64	F	3.94	
2	20	2	66	F	4.04	
2	20	2	NA	NA	NA	
2	20	3	45	M	4.1	
2	20	3	48	M	3.67	
2	20	3	48	M	3.79	
2	20	3	38	M	3.73	
2	20	3	45	M	4.03	
2	20	3	45	M	3.84	
2	20	3	52	M	4.2	
2	20	3	55	M	4.14	
2	20	3	66	M	4.18	
2	20	3	NA	NA	NA	
2	20	3	52	F	3.97	
2	20	3	59	M	3.98	
2	20	3	48	F	3.2	
2	20	3	34	F	3.62	
2	20	3	66	F	4.03	
2	20	3	59	F	3.98	
2	20	3	59	F	3.99	
2	20	3	52	F	4.08	
2	20	3	52	F	3.84	
2	20	4	38	M	3.51	
2	20	4	55	M	4.3	
2	20	4	45	M	3.91	
2	20	4	38	M	3.99	
2	20	4	15	M	4	
2	20	4	38	M	3.73	
2	20	4	59	M	3.86	
2	20	4	55	M	3.88	
2	20	4	43	M	4.15	
2	20	4	38	M	3.94	
2	20	4	43	M	3.92	
2	20	4	45	M	3.74	
2	20	4	52	M	4.13	
2	20	4	43	M	3.81	
2	20	4	48	F	3.57	
2	20	4	48	F	3.93	
2	20	4	66	F	4.04	
2	20	4	48	F	4.02	
2	20	4	48	F	3.93	
2	20	5	43	M	3.92	
2	20	5	52	M	4.09	
2	20	5	66	M	3.68	
2	20	5	48	M	3.88	
2	20	5	69	M	4.02	
2	20	5	45	M	3.81	
2	20	5	NA	NA	NA	
2	20	5	55	M	3.78	
2	20	5	48	M	3.31	
2	20	5	64	M	2.79	
2	20	5	24	F	3.51	
2	20	5	55	F	3.07	
2	20	5	64	F	3.81	
2	20	5	45	F	3.27	
2	20	5	69	F	3.03	
2	20	5	66	F	3.63	
2	20	5	59	F	3.73	
2	20	5	52	F	3.84	
2	20	5	48	F	3.46	
2	20	5	52	F	4.05	
2	20	6	50	M	3.82	
2	20	6	62	M	4.08	
2	20	6	69	M	3.71	
2	20	6	NA	NA	NA	
2	20	6	NA	NA	NA	
2	20	6	59	M	4.1	
2	20	6	59	M	3.7	
2	20	6	31	F	3.93	
2	20	6	NA	NA	NA	
2	20	6	64	F	3.75	
2	20	6	52	F	3.58	
2	20	6	48	F	3.81	
2	20	6	52	F	3.97	
2	20	6	59	F	3.87	
2	20	6	45	F	4.18	
2	20	6	45	F	4	
2	20	6	59	F	4	
2	5	1	55	M	3.99	
2	5	1	50	M	3.85	
2	5	1	45	M	4.04	
2	5	1	48	F	4.07	
2	5	1	NA	NA	NA	
2	5	1	NA	NA	NA	
2	5	2	55	M	3.67	
2	5	2	45	M	3.78	
2	5	2	50	M	3.9	
2	5	2	48	M	4.1	
2	5	2	48	M	3.89	
2	5	2	59	M	3.92	
2	5	2	52	M	3.37	
2	5	2	48	M	3.96	
2	5	2	41	M	3.81	
2	5	2	NA	NA	NA	
2	5	2	45	M	3.81	
2	5	2	41	F	3.65	
2	5	2	55	M	3.98	
2	5	2	43	M	3.83	
2	5	2	55	F	3.61	
2	5	2	55	F	3.84	
2	5	2	38	F	3.95	
2	5	2	57	F	4.11	
2	5	2	59	F	3.92	
2	5	2	48	F	4.02	
2	5	2	59	F	4.14	
2	5	2	62	F	3.93	
2	5	3	52	M	3.79	
2	5	3	34	M	4.3	
2	5	3	45	F	4.18	
2	5	3	52	F	4.03	
2	5	3	59	F	4.1	
2	5	3	NA	NA	NA	
2	5	4	45	M	4.03	
2	5	4	59	M	4.06	
2	5	4	13	M	4.11	
2	5	4	50	M	3.8	
2	5	4	57	F	4.03	
2	5	5	3	M	3.29	
2	5	5	59	M	3.92	
2	5	5	43	M	3.77	
2	5	5	66	F	3.66	
2	5	5	6	F	3.39	
2	5	10	NA	NA	NA	
2	5	11	52	M	4	
2	5	11	55	M	3.98	
2	5	11	66	M	3.85	
2	5	12	3	F	3.27	
3	50	1	44	M	3.57	
3	50	1	NA	NA	NA	
3	50	1	61	M	3.36	
3	50	1	NA	NA	NA	
3	50	1	54	M	3.68	
3	50	1	49	M	3.45	
3	50	1	23	M	2.64	
3	50	1	58	M	3.72	
3	50	1	49	M	4.21	
3	50	1	NA	NA	NA	
3	50	1	NA	NA	NA	
3	50	1	42	M	3.8	
3	50	1	49	M	3.56	
3	50	1	NA	NA	NA	
3	50	1	61	M	3.63	
3	50	1	NA	NA	NA	
3	50	1	42	F	3.17	
3	50	1	51	F	3.76	
3	50	1	NA	NA	NA	
3	50	1	NA	F	NA	
3	50	1	NA	NA	NA	
3	50	1	NA	NA	NA	
3	50	1	51	F	3.83	
3	50	1	51	F	3.44	
3	50	1	NA	NA	NA	
3	50	1	44	F	2.52	
3	50	1	NA	NA	NA	
3	50	1	35	F	3.53	
3	50	1	49	F	3.31	
3	50	1	NA	NA	NA	
3	50	1	NA	NA	NA	
3	50	1	58	F	3.25	
3	50	1	54	F	3.66	
3	50	1	54	F	3.59	
3	50	1	37	F	3.73	
3	50	1	58	F	3.29	
3	50	1	NA	NA	NA	
3	50	1	54	F	3.63	
3	50	2	58	M	3.41	
3	50	2	37	M	3.9	
3	50	2	NA	NA	NA	
3	50	2	21	M	3.51	
3	50	2	NA	NA	NA	
3	50	2	42	M	3.26	
3	50	2	51	M	3.54	
3	50	2	NA	NA	NA	
3	50	2	NA	NA	NA	
3	50	2	NA	NA	NA	
3	50	2	NA	NA	NA	
3	50	2	44	M	3.31	
3	50	2	51	M	3.54	
3	50	2	NA	NA	NA	
3	50	2	NA	NA	NA	
3	50	2	NA	NA	NA	
3	50	2	23	M	3.29	
3	50	2	NA	NA	NA	
3	50	2	58	M	4.25	
3	50	2	NA	NA	NA	
3	50	2	NA	NA	NA	
3	50	2	51	F	3.98	
3	50	2	26	F	3.28	
3	50	2	35	F	3.73	
3	50	2	44	F	3.28	
3	50	2	NA	NA	NA	
3	50	2	58	F	4.09	
3	50	2	47	F	3.42	
3	50	2	NA	NA	NA	
3	50	2	NA	NA	NA	
3	50	2	51	F	4.06	
3	50	2	61	F	3.6	
3	50	2	40	F	3.51	
3	50	2	51	F	3.79	
3	50	2	NA	NA	NA	
3	50	2	NA	NA	NA	
3	50	2	49	F	3.6	
3	50	2	51	F	3.7	
3	50	2	1	F	2.47	
3	50	2	NA	NA	NA	
3	20	1	14	M	3.88	
3	20	1	47	M	4	
3	20	1	NA	NA	NA	
3	20	1	NA	NA	NA	
3	20	1	37	M	4.04	
3	20	1	49	F	3.93	
3	20	1	49	F	3.89	
3	20	1	44	F	4.1	
3	20	1	NA	NA	NA	
3	20	1	56	F	4.24	
3	20	1	NA	NA	NA	
3	20	1	NA	NA	NA	
3	20	1	7	M	3.53	
3	20	2	1	F	2.51	
3	20	2	NA	NA	NA	
3	20	2	NA	NA	NA	
3	20	2	44	F	3.77	
3	20	2	51	F	3.88	
3	20	2	NA	NA	NA	
3	20	2	NA	NA	NA	
3	20	2	NA	NA	NA	
3	20	2	58	F	3.78	
3	20	2	47	M	3.81	
3	20	2	NA	NA	NA	
3	20	2	NA	NA	NA	
3	20	2	NA	NA	NA	
3	20	2	51	M	3.73	
3	20	2	37	M	3.75	
3	20	2	21	M	4.08	
3	20	2	51	M	3.69	
3	20	2	47	M	4.08	
3	20	2	61	F	3.92	
3	20	2	NA	NA	NA	
3	20	3	40	M	4.07	
3	20	3	NA	NA	NA	
3	20	3	NA	NA	NA	
3	20	3	47	M	4.05	
3	20	3	NA	NA	NA	
3	20	3	NA	NA	NA	
3	20	3	40	M	3.86	
3	20	3	58	M	3.73	
3	20	3	51	M	3.92	
3	20	3	NA	NA	NA	
3	20	3	NA	NA	NA	
3	20	3	NA	NA	NA	
3	20	3	51	F	4.04	
3	20	3	40	F	4.24	
3	20	3	NA	NA	NA	
3	20	3	58	F	4.08	
3	20	3	44	F	4.27	
3	20	3	58	F	4.08	
3	20	3	NA	NA	NA	
3	20	4	NA	NA	NA	
3	20	4	NA	NA	NA	
3	20	4	47	M	4.11	
3	20	4	33	M	4.24	
3	20	4	49	M	4.07	
3	20	4	NA	NA	NA	
3	20	4	40	M	4.14	
3	20	4	58	M	4.03	
3	20	4	47	M	4.16	
3	20	4	58	F	4.06	
3	20	4	54	F	4.21	
3	20	4	44	F	4.18	
3	20	4	NA	NA	NA	
3	20	4	NA	NA	NA	
3	20	4	NA	NA	NA	
3	20	4	40	F	4.18	
3	20	4	47	F	4.09	
3	20	4	37	F	4.14	
3	20	4	30	F	4.21	
3	20	4	54	F	4.09	
3	5	1	21	F	3.97	
3	5	2	51	M	3.96	
3	5	2	49	M	3.91	
3	5	2	NA	NA	NA	
3	5	2	51	M	4.01	
3	5	2	47	F	4.06	
3	5	3	40	M	4.07	
3	5	3	47	M	3.87	
3	5	3	14	F	4.13	
3	5	4	NA	NA	NA	
3	5	4	49	M	3.88	
3	5	4	58	F	4.03	
3	5	5	49	F	3.85	
3	5	6	61	M	3.75	
3	5	6	NA	NA	NA	
3	5	6	23	M	3.93	
3	5	7	37	F	3.57	
3	5	8	19	M	4.26	
3	5	8	47	F	4.21	
3	5	8	56	F	3.86	
3	5	8	51	F	3.88	
3	5	8	NA	NA	NA	
3	5	9	54	M	4.05	
3	5	9	40	F	4	
3	5	9	51	F	3.78	
3	5	9	NA	F	NA	
3	5	10	NA	NA	NA	
3	5	10	NA	NA	NA	
3	5	11	44	M	4.35	
3	5	11	30	M	4.5	
3	5	11	37	M	4	
3	5	11	47	M	3.99	
3	5	11	51	F	4.32	
3	5	13	33	M	4.37	
3	5	13	47	F	4.02	
3	5	13	47	F	3.8	
4	50	1	50	NA	NA	
4	50	1	NA	NA	NA	
4	50	1	NA	NA	NA	
4	50	1	NA	NA	NA	
4	50	1	NA	NA	NA	
4	50	1	NA	NA	NA	
4	50	1	NA	NA	NA	
4	50	1	15	M	4.11	
4	50	1	NA	NA	NA	
4	50	1	NA	NA	NA	
4	50	1	NA	NA	NA	
4	50	1	NA	NA	NA	
4	50	1	NA	NA	NA	
4	50	1	NA	NA	NA	
4	50	1	33	M	3.65	
4	50	1	NA	NA	NA	
4	50	1	NA	NA	NA	
4	50	1	50	M	4.06	
4	50	1	NA	NA	NA	
4	50	1	NA	NA	NA	
4	50	1	NA	NA	NA	
4	50	1	NA	NA	NA	
4	50	1	NA	NA	NA	
4	50	1	40	F	3.99	
4	50	1	NA	NA	NA	
4	50	1	NA	NA	NA	
4	50	1	NA	NA	NA	
4	50	1	NA	NA	NA	
4	50	1	NA	NA	NA	
4	50	1	43	F	3.68	
4	50	1	NA	NA	NA	
4	50	1	NA	NA	NA	
4	50	1	NA	NA	NA	
4	50	1	NA	NA	NA	
4	50	1	NA	NA	NA	
4	50	1	NA	NA	NA	
4	50	1	NA	NA	NA	
4	50	1	NA	NA	NA	
4	50	2	NA	NA	NA	
4	50	2	NA	NA	NA	
4	50	2	NA	NA	NA	
4	50	2	NA	NA	NA	
4	50	2	NA	NA	NA	
4	50	2	NA	NA	NA	
4	50	2	NA	NA	NA	
4	50	2	NA	NA	NA	
4	50	2	NA	NA	NA	
4	50	2	NA	NA	NA	
4	50	2	NA	NA	NA	
4	50	2	NA	NA	NA	
4	50	2	NA	NA	NA	
4	50	2	NA	NA	NA	
4	50	2	NA	NA	NA	
4	50	2	NA	NA	NA	
4	50	2	NA	NA	NA	
4	50	2	NA	NA	NA	
4	50	2	NA	NA	NA	
4	50	2	NA	NA	NA	
4	50	2	NA	NA	NA	
4	50	2	NA	NA	NA	
4	50	2	NA	NA	NA	
4	50	2	NA	NA	NA	
4	50	2	47	F	3.8	
4	50	2	NA	NA	NA	
4	50	2	NA	NA	NA	
4	50	2	NA	NA	NA	
4	50	2	NA	NA	NA	
4	50	2	NA	NA	NA	
4	50	2	NA	NA	NA	
4	50	2	NA	NA	NA	
4	50	2	29	F	3.68	
4	50	2	NA	NA	NA	
4	50	2	NA	NA	NA	
4	50	2	NA	NA	NA	
4	50	2	NA	NA	NA	
4	50	2	NA	NA	NA	
4	50	2	NA	NA	NA	
4	50	2	NA	NA	NA	
4	50	2	NA	NA	NA	
4	50	2	33	F	3.75	
4	50	2	NA	NA	NA	
4	20	1	NA	NA	NA	
4	20	1	NA	NA	NA	
4	20	1	NA	NA	NA	
4	20	1	NA	NA	NA	
4	20	1	NA	NA	NA	
4	20	1	NA	NA	NA	
4	20	1	NA	NA	NA	
4	20	1	29	F	4.28	
4	20	1	NA	NA	NA	
4	20	1	NA	NA	NA	
4	20	1	NA	NA	NA	
4	20	1	NA	NA	NA	
4	20	1	NA	NA	NA	
4	20	1	NA	NA	NA	
4	20	1	NA	NA	NA	
4	20	1	15	F	3.89	
4	20	1	NA	NA	NA	
4	20	2	50	M	4.01	
4	20	2	NA	NA	NA	
4	20	2	NA	NA	NA	
4	20	2	NA	NA	NA	
4	20	2	50	M	3.63	
4	20	2	NA	NA	NA	
4	20	2	NA	NA	NA	
4	20	2	NA	NA	NA	
4	20	2	NA	NA	NA	
4	20	2	NA	NA	NA	
4	20	2	NA	NA	NA	
4	20	2	NA	NA	NA	
4	20	2	43	F	3.48	
4	20	2	NA	NA	NA	
4	20	2	NA	NA	NA	
4	20	3	NA	NA	NA	
4	20	3	NA	NA	NA	
4	20	3	NA	NA	NA	
4	20	3	NA	NA	NA	
4	20	3	NA	NA	NA	
4	20	3	50	M	3.97	
4	20	3	NA	NA	NA	
4	20	3	NA	NA	NA	
4	20	3	NA	NA	NA	
4	20	3	NA	NA	NA	
4	20	3	NA	NA	NA	
4	20	3	NA	NA	NA	
4	20	3	NA	NA	NA	
4	20	3	NA	NA	NA	
4	20	4	NA	NA	NA	
4	20	4	NA	NA	NA	
4	20	4	NA	NA	NA	
4	20	4	NA	NA	NA	
4	20	4	NA	NA	NA	
4	20	4	36	M	4.25	
4	20	4	NA	NA	NA	
4	20	4	NA	NA	NA	
4	20	4	NA	NA	NA	
4	20	4	NA	NA	NA	
4	20	4	NA	NA	NA	
4	20	4	40	F	4.11	
4	20	4	NA	NA	NA	
4	20	4	NA	NA	NA	
4	20	4	NA	NA	NA	
4	20	4	NA	NA	NA	
4	20	4	NA	NA	NA	
4	20	4	NA	NA	NA	
4	20	5	43	M	4.17	
4	20	5	NA	NA	NA	
4	20	5	NA	NA	NA	
4	20	5	NA	NA	NA	
4	20	5	NA	NA	NA	
4	20	5	NA	NA	NA	
4	20	5	47	M	4.28	
4	20	5	NA	NA	NA	
4	20	5	NA	NA	NA	
4	20	5	NA	NA	NA	
4	20	5	NA	NA	NA	
4	20	5	47	F	4.31	
4	20	5	NA	NA	NA	
4	20	5	NA	NA	NA	
4	20	5	NA	NA	NA	
4	5	1	NA	NA	NA	
4	5	3	NA	NA	NA	
4	5	3	50	M	4.24	
4	5	3	NA	NA	NA	
4	5	3	26	F	4.21	
4	5	3	50	F	4.07	
4	5	4	NA	NA	NA	
4	5	4	NA	NA	NA	
4	5	4	NA	NA	NA	
4	5	4	NA	NA	NA	
4	5	4	NA	NA	NA	
4	5	5	NA	NA	NA	
4	5	5	NA	NA	NA	
4	5	5	NA	NA	NA	
4	5	6	45	M	4.11	
4	5	6	NA	NA	NA	
4	5	6	NA	NA	NA	
4	5	6	NA	NA	NA	
4	5	7	NA	NA	NA	
4	5	7	NA	NA	NA	
4	5	7	NA	NA	NA	
4	5	7	NA	NA	NA	
4	5	7	47	M	4.02	
4	5	8	NA	NA	NA	
4	5	8	NA	NA	NA	
4	5	8	NA	NA	NA	
4	5	8	NA	NA	NA	
4	5	9	NA	NA	NA	
4	5	9	NA	NA	NA	
4	5	10	NA	NA	NA	
4	5	10	NA	NA	NA	
4	5	10	NA	NA	NA	
4	5	11	NA	NA	NA	
4	5	11	NA	NA	NA	
4	5	11	31	F	4.17	
4	5	11	5	F	3.55	
4	5	11	NA	NA	NA	
4	5	11	NA	NA	NA	
4	5	11	NA	NA	NA	
4	5	12	NA	NA	NA	
4	5	12	NA	NA	NA	
4	5	12	NA	NA	NA	
4	5	12	NA	NA	NA	
4	5	12	NA	NA	NA	
4	5	13	NA	NA	NA	
4	5	13	NA	NA	NA	
4	5	13	NA	NA	NA	
4	5	13	NA	NA	NA	
